4047.533
 013238
 11141.856
 012.2
 100517
 05
 1108
4047.532
 013239
 11141.852
 011.3
 100517
 05
 1106
4047.532
 013239
 11141.852
 011.3
 100517
 05
 1106
4047.557
 013241
 11141.837
 012.3
 100517
 06
 1181
4047.563
 013242
 11141.830
 012.2
 100517
 06
 1199
4047.561
 013243
 11141.826
 014.2
 100517
 06
 1195
4047.560
 013244
 11141.821
 014.5
 100517
 06
 1194
4047.559
 013245
 11141.815
 014.7
 100517
 06
 1192
4047.560
 013246
 11141.810
 014.6
 100517
 06
 1194
4047.558
 013247
 11141.806
 013.9
 100517
 06
 1195
4047.558
 013248
 11141.800
 014.7
 100517
 06
 1196
4047.555
 013249
 11141.796
 014.9
 100517
 07
 1184
4047.551
 013250
 11141.791
 014.5
 100517
 07
 1174
4047.549
 013251
 11141.787
 012.9
 100517
 07
 1167
4047.547
 013252
 11141.783
 011.1
 100517
 08
 1162
4047.548
 013253
 11141.779
 010.7
 100517
 08
 1159
4047.547
 013254
 11141.776
 009.6
 100517
 08
 1151
4047.547
 013255
 11141.771
 009.3
 100517
 08
 1147
4047.549
 013256
 11141.769
 011.0
 100517
 08
 1147
4047.552
 013257
 11141.767
 013.1
 100517
 08
 1147
4047.556
 013258
 11141.766
 016.3
 100517
 08
 1146
4047.560
 013259
 11141.764
 018.5
 100517
 08
 1145
4047.565
 013300
 11141.762
 020.1
 100517
 08
 1144
4047.571
 013301
 11141.759
 022.2
 100517
 08
 1144
4047.577
 013302
 11141.757
 022.7
 100517
 08
 1143
4047.583
 013303
 11141.754
 023.3
 100517
 08
 1142
4047.589
 013304
 11141.751
 022.5
 100517
 08
 1142
4047.595
 013305
 11141.748
 022.2
 100517
 08
 1142
4047.601
 013306
 11141.746
 021.9
 100517
 08
 1142
4047.607
 013307
 11141.743
 021.4
 100517
 08
 1142
4047.613
 013308
 11141.741
 020.6
 100517
 08
 1141
4047.618
 013309
 11141.738
 018.8
 100517
 08
 1142
4047.623
 013310
 11141.737
 016.5
 100517
 08
 1141
4047.627
 013311
 11141.735
 014.8
 100517
 09
 1140
4047.631
 013312
 11141.734
 013.2
 100517
 09
 1140
4047.634
 013313
 11141.733
 011.6
 100517
 09
 1139
4047.637
 013314
 11141.732
 009.7
 100517
 09
 1139
4047.639
 013315
 11141.731
 008.0
 100517
 10
 1139
4047.641
 013316
 11141.730
 007.1
 100517
 08
 1140
4047.643
 013317
 11141.730
 007.0
 100517
 08
 1139
4047.645
 013318
 11141.729
 006.7
 100517
 08
 1139
4047.646
 013319
 11141.728
 005.6
 100517
 08
 1138
4047.647
 013320
 11141.728
 003.9
 100517
 08
 1137
4047.648
 013321
 11141.727
 002.4
 100517
 08
 1137
4047.648
 013322
 11141.727
 001.4
 100517
 08
 1136
4047.648
 013323
 11141.727
 000.9
 100517
 09
 1135
4047.648
 013324
 11141.727
 000.9
 100517
 09
 1135
4047.617
 013325
 11141.721
 001.1
 100517
 10
 1132
4047.617
 013326
 11141.720
 001.1
 100517
 09
 1128
4047.617
 013327
 11141.721
 001.0
 100517
 09
 1122
4047.618
 013328
 11141.722
 001.3
 100517
 09
 1119
4047.618
 013329
 11141.722
 001.5
 100517
 09
 1115
4047.618
 013330
 11141.723
 000.0
 100517
 09
 1113
4047.617
 013331
 11141.726
 000.0
 100517
 10
 1101
4047.616
 013332
 11141.728
 000.0
 100517
 10
 1092
4047.617
 013333
 11141.734
 000.0
 100517
 10
 1071
4047.617
 013334
 11141.736
 000.0
 100517
 10
 1063
4047.617
 013335
 11141.736
 000.1
 100517
 10
 1062
4047.618
 013336
 11141.736
 000.2
 100517
 10
 1061
4047.618
 013337
 11141.736
 000.3
 100517
 10
 1060
4047.619
 013338
 11141.735
 000.3
 100517
 10
 1060
4047.620
 013339
 11141.735
 000.1
 100517
 10
 1059
4047.620
 013340
 11141.735
 000.0
 100517
 09
 1058
4047.621
 013341
 11141.735
 000.0
 100517
 09
 1058
4047.621
 013342
 11141.735
 000.0
 100517
 09
 1058
4047.621
 013343
 11141.735
 000.0
 100517
 09
 1058
4047.621
 013344
 11141.735
 000.0
 100517
 09
 1058
4047.621
 013345
 11141.735
 000.0
 100517
 09
 1058
4047.621
 013346
 11141.735
 000.0
 100517
 09
 1058
4047.621
 013347
 11141.735
 000.0
 100517
 09
 1058
4047.621
 013348
 11141.735
 000.0
 100517
 09
 1058
4047.621
 013349
 11141.735
 000.0
 100517
 09
 1058
4047.621
 013350
 11141.735
 000.0
 100517
 09
 1058
4047.621
 013351
 11141.735
 000.0
 100517
 09
 1058
4047.621
 013352
 11141.735
 000.0
 100517
 09
 1058
4047.621
 013353
 11141.735
 000.0
 100517
 09
 1058
4047.621
 013354
 11141.735
 000.0
 100517
 09
 1058
4047.621
 013355
 11141.735
 000.0
 100517
 09
 1058
4047.621
 013356
 11141.735
 000.0
 100517
 09
 1058
4047.621
 013357
 11141.735
 000.0
 100517
 10
 1058
4047.621
 013358
 11141.735
 000.0
 100517
 10
 1058
4047.621
 013359
 11141.735
 000.0
 100517
 10
 1058
4047.621
 013400
 11141.735
 000.0
 100517
 10
 1058
4047.621
 013401
 11141.735
 000.0
 100517
 09
 1058
4047.621
 013402
 11141.735
 000.0
 100517
 09
 1058
4047.621
 013403
 11141.735
 000.0
 100517
 09
 1058
4047.621
 013404
 11141.735
 000.0
 100517
 09
 1058
4047.621
 013405
 11141.735
 000.0
 100517
 09
 1058
4047.621
 013406
 11141.735
 000.0
 100517
 09
 1058
4047.621
 013407
 11141.735
 000.0
 100517
 09
 1058
4047.621
 013408
 11141.735
 000.0
 100517
 09
 1058
4047.622
 013409
 11141.734
 000.6
 100517
 09
 1058
4047.622
 013410
 11141.734
 000.8
 100517
 09
 1058
4047.623
 013411
 11141.734
 001.0
 100517
 10
 1058
4047.623
 013412
 11141.734
 001.3
 100517
 10
 1058
4047.623
 013413
 11141.734
 001.7
 100517
 10
 1058
4047.624
 013414
 11141.734
 002.3
 100517
 10
 1058
4047.624
 013415
 11141.733
 003.1
 100517
 10
 1058
4047.626
 013416
 11141.733
 001.5
 100517
 10
 1058
4047.626
 013417
 11141.733
 000.0
 100517
 10
 1058
4047.627
 013418
 11141.733
 000.0
 100517
 10
 1058
4047.627
 013419
 11141.733
 000.0
 100517
 10
 1058
4047.627
 013420
 11141.733
 000.0
 100517
 09
 1058
4047.627
 013421
 11141.733
 000.0
 100517
 09
 1058
4047.627
 013422
 11141.733
 000.0
 100517
 09
 1058
4047.627
 013423
 11141.733
 000.0
 100517
 08
 1058
4047.627
 013424
 11141.733
 000.0
 100517
 10
 1058
4047.627
 013425
 11141.733
 000.0
 100517
 09
 1058
4047.627
 013426
 11141.733
 000.0
 100517
 09
 1058
4047.627
 013427
 11141.733
 000.0
 100517
 09
 1058
4047.627
 013428
 11141.733
 000.0
 100517
 10
 1058
4047.627
 013429
 11141.733
 000.0
 100517
 10
 1058
4047.627
 013430
 11141.733
 000.0
 100517
 10
 1058
4047.627
 013431
 11141.733
 000.0
 100517
 10
 1058
4047.627
 013432
 11141.733
 000.0
 100517
 10
 1058
4047.627
 013433
 11141.733
 000.0
 100517
 10
 1058
4047.627
 013434
 11141.733
 000.0
 100517
 10
 1058
4047.627
 013435
 11141.733
 000.0
 100517
 10
 1058
4047.627
 013436
 11141.733
 000.0
 100517
 10
 1058
4047.627
 013437
 11141.733
 000.4
 100517
 10
 1058
4047.627
 013438
 11141.733
 000.4
 100517
 10
 1058
4047.627
 013439
 11141.733
 000.4
 100517
 10
 1058
4047.627
 013440
 11141.733
 000.6
 100517
 10
 1058
4047.627
 013441
 11141.733
 000.6
 100517
 10
 1057
4047.627
 013442
 11141.733
 000.9
 100517
 10
 1057
4047.627
 013443
 11141.733
 000.9
 100517
 10
 1057
4047.628
 013444
 11141.732
 001.1
 100517
 10
 1058
4047.628
 013445
 11141.732
 001.5
 100517
 10
 1057
4047.628
 013446
 11141.732
 001.9
 100517
 10
 1057
4047.629
 013447
 11141.731
 002.5
 100517
 09
 1057
4047.630
 013448
 11141.731
 004.1
 100517
 09
 1057
4047.631
 013449
 11141.729
 005.1
 100517
 09
 1057
4047.633
 013450
 11141.729
 007.0
 100517
 09
 1057
4047.635
 013451
 11141.727
 007.4
 100517
 09
 1058
4047.637
 013452
 11141.726
 008.8
 100517
 09
 1058
4047.640
 013453
 11141.724
 009.7
 100517
 09
 1058
4047.642
 013454
 11141.722
 009.1
 100517
 09
 1058
4047.645
 013455
 11141.721
 008.4
 100517
 09
 1058
4047.647
 013456
 11141.720
 009.3
 100517
 09
 1058
4047.649
 013457
 11141.719
 008.8
 100517
 09
 1058
4047.651
 013458
 11141.718
 008.5
 100517
 09
 1058
4047.654
 013459
 11141.717
 010.0
 100517
 10
 1058
4047.657
 013500
 11141.716
 011.9
 100517
 10
 1058
4047.660
 013501
 11141.715
 012.3
 100517
 10
 1057
4047.664
 013502
 11141.714
 012.0
 100517
 10
 1057
4047.667
 013503
 11141.713
 012.9
 100517
 10
 1057
4047.670
 013504
 11141.711
 012.3
 100517
 09
 1058
4047.674
 013505
 11141.709
 012.4
 100517
 10
 1057
4047.677
 013506
 11141.708
 012.1
 100517
 09
 1057
4047.680
 013507
 11141.707
 011.8
 100517
 09
 1057
4047.683
 013508
 11141.705
 011.3
 100517
 09
 1057
4047.686
 013509
 11141.704
 009.5
 100517
 09
 1057
4047.688
 013510
 11141.704
 008.9
 100517
 09
 1058
4047.690
 013511
 11141.703
 009.0
 100517
 09
 1058
4047.693
 013512
 11141.702
 009.4
 100517
 09
 1057
4047.695
 013513
 11141.701
 008.3
 100517
 09
 1057
4047.697
 013514
 11141.701
 006.0
 100517
 09
 1057
4047.699
 013515
 11141.700
 005.3
 100517
 09
 1057
4047.700
 013516
 11141.700
 004.9
 100517
 09
 1056
4047.701
 013517
 11141.699
 002.4
 100517
 09
 1056
4047.702
 013518
 11141.700
 002.0
 100517
 09
 1056
4047.702
 013519
 11141.700
 002.3
 100517
 09
 1057
4047.703
 013520
 11141.701
 003.1
 100517
 09
 1057
4047.704
 013521
 11141.700
 005.7
 100517
 08
 1057
4047.706
 013522
 11141.700
 009.4
 100517
 08
 1057
4047.710
 013523
 11141.699
 013.1
 100517
 08
 1057
4047.713
 013524
 11141.698
 013.1
 100517
 08
 1057
4047.716
 013525
 11141.697
 009.2
 100517
 08
 1057
4047.718
 013526
 11141.696
 004.5
 100517
 08
 1057
4047.719
 013527
 11141.696
 000.0
 100517
 08
 1057
4047.719
 013528
 11141.696
 000.0
 100517
 08
 1057
4047.719
 013529
 11141.695
 000.0
 100517
 08
 1057
4047.719
 013530
 11141.695
 000.0
 100517
 07
 1057
4047.719
 013531
 11141.695
 000.0
 100517
 08
 1057
4047.719
 013532
 11141.695
 000.0
 100517
 08
 1057
4047.719
 013533
 11141.695
 000.0
 100517
 08
 1057
4047.719
 013534
 11141.695
 000.0
 100517
 08
 1057
4047.719
 013535
 11141.695
 000.0
 100517
 07
 1057
4047.719
 013536
 11141.695
 000.0
 100517
 07
 1057
4047.719
 013537
 11141.695
 000.0
 100517
 07
 1057
4047.719
 013538
 11141.695
 000.0
 100517
 07
 1057
4047.719
 013539
 11141.695
 000.0
 100517
 07
 1057
4047.719
 013540
 11141.695
 000.0
 100517
 07
 1057
4047.719
 013541
 11141.695
 000.0
 100517
 07
 1057
4047.719
 013542
 11141.695
 000.0
 100517
 07
 1057
4047.719
 013543
 11141.695
 000.0
 100517
 07
 1057
4047.719
 013544
 11141.695
 000.0
 100517
 07
 1057
4047.719
 013545
 11141.695
 000.0
 100517
 07
 1057
4047.719
 013546
 11141.695
 000.0
 100517
 07
 1057
4047.719
 013547
 11141.695
 000.0
 100517
 07
 1057
4047.719
 013548
 11141.695
 000.0
 100517
 07
 1057
4047.719
 013549
 11141.695
 000.0
 100517
 07
 1057
4047.719
 013550
 11141.695
 000.0
 100517
 07
 1057
4047.719
 013551
 11141.695
 000.0
 100517
 07
 1057
4047.719
 013552
 11141.695
 000.0
 100517
 07
 1057
4047.719
 013553
 11141.695
 000.0
 100517
 07
 1057
4047.719
 013554
 11141.695
 000.0
 100517
 08
 1057
4047.719
 013555
 11141.695
 000.0
 100517
 08
 1057
4047.719
 013556
 11141.695
 000.0
 100517
 08
 1057
4047.719
 013557
 11141.695
 000.0
 100517
 08
 1057
4047.719
 013558
 11141.695
 000.0
 100517
 08
 1057
4047.719
 013559
 11141.695
 000.0
 100517
 08
 1057
4047.719
 013600
 11141.695
 000.0
 100517
 09
 1057
4047.719
 013601
 11141.695
 000.0
 100517
 09
 1057
4047.719
 013602
 11141.695
 000.0
 100517
 09
 1057
4047.719
 013603
 11141.695
 000.0
 100517
 08
 1057
4047.719
 013604
 11141.695
 000.0
 100517
 08
 1057
4047.719
 013605
 11141.695
 000.0
 100517
 08
 1057
4047.719
 013606
 11141.695
 000.0
 100517
 08
 1057
4047.719
 013607
 11141.695
 000.0
 100517
 08
 1057
4047.719
 013608
 11141.695
 000.0
 100517
 08
 1057
4047.719
 013609
 11141.695
 000.0
 100517
 08
 1057
4047.719
 013610
 11141.695
 000.0
 100517
 08
 1057
4047.719
 013611
 11141.695
 000.0
 100517
 08
 1057
4047.719
 013612
 11141.695
 000.0
 100517
 08
 1057
4047.719
 013613
 11141.695
 000.0
 100517
 08
 1057
4047.719
 013614
 11141.695
 000.0
 100517
 08
 1057
4047.719
 013615
 11141.695
 000.0
 100517
 08
 1057
4047.719
 013616
 11141.695
 000.0
 100517
 08
 1057
4047.719
 013617
 11141.695
 000.0
 100517
 08
 1057
4047.719
 013618
 11141.695
 000.0
 100517
 08
 1057
4047.719
 013619
 11141.695
 000.0
 100517
 08
 1057
4047.719
 013620
 11141.695
 000.0
 100517
 08
 1057
4047.719
 013621
 11141.695
 000.0
 100517
 08
 1057
4047.719
 013622
 11141.695
 000.0
 100517
 08
 1057
4047.719
 013623
 11141.695
 000.0
 100517
 08
 1057
4047.719
 013624
 11141.695
 000.0
 100517
 09
 1057
4047.719
 013625
 11141.695
 000.0
 100517
 08
 1057
4047.719
 013626
 11141.695
 000.0
 100517
 09
 1057
4047.719
 013627
 11141.695
 000.0
 100517
 09
 1057
4047.719
 013628
 11141.695
 000.0
 100517
 09
 1057
4047.719
 013629
 11141.695
 000.0
 100517
 09
 1057
4047.719
 013630
 11141.695
 000.0
 100517
 10
 1057
4047.719
 013631
 11141.695
 000.0
 100517
 09
 1057
4047.719
 013632
 11141.695
 000.0
 100517
 09
 1057
4047.719
 013633
 11141.695
 000.0
 100517
 09
 1057
4047.719
 013634
 11141.695
 000.0
 100517
 09
 1057
4047.719
 013635
 11141.695
 000.0
 100517
 09
 1057
4047.719
 013636
 11141.695
 000.0
 100517
 09
 1057
4047.719
 013637
 11141.695
 000.0
 100517
 09
 1057
4047.719
 013638
 11141.695
 000.0
 100517
 09
 1057
4047.719
 013639
 11141.695
 000.0
 100517
 09
 1057
4047.719
 013640
 11141.695
 000.0
 100517
 09
 1057
4047.719
 013641
 11141.695
 000.0
 100517
 09
 1057
4047.719
 013642
 11141.695
 000.0
 100517
 09
 1057
4047.719
 013643
 11141.695
 000.0
 100517
 09
 1057
4047.719
 013644
 11141.695
 000.0
 100517
 09
 1057
4047.719
 013645
 11141.695
 000.0
 100517
 09
 1057
4047.719
 013646
 11141.695
 000.0
 100517
 09
 1057
4047.719
 013647
 11141.695
 000.0
 100517
 10
 1057
4047.719
 013648
 11141.695
 000.0
 100517
 10
 1057
4047.719
 013649
 11141.695
 000.0
 100517
 10
 1057
4047.719
 013650
 11141.695
 000.0
 100517
 10
 1057
4047.719
 013651
 11141.695
 000.0
 100517
 10
 1057
4047.719
 013652
 11141.695
 000.0
 100517
 10
 1057
4047.719
 013653
 11141.695
 000.0
 100517
 10
 1057
4047.719
 013654
 11141.695
 000.0
 100517
 10
 1057
4047.719
 013655
 11141.695
 000.0
 100517
 10
 1057
4047.719
 013656
 11141.695
 000.0
 100517
 10
 1057
4047.719
 013657
 11141.695
 000.0
 100517
 10
 1057
4047.719
 013658
 11141.695
 000.0
 100517
 10
 1057
4047.719
 013659
 11141.695
 000.0
 100517
 10
 1057
4047.719
 013700
 11141.695
 000.0
 100517
 10
 1057
4047.719
 013701
 11141.695
 000.0
 100517
 10
 1057
4047.719
 013702
 11141.695
 000.0
 100517
 10
 1057
4047.719
 013703
 11141.695
 000.0
 100517
 10
 1057
4047.719
 013704
 11141.695
 000.0
 100517
 10
 1057
4047.722
 013705
 11141.691
 003.5
 100517
 09
 1053
4047.724
 013706
 11141.690
 007.8
 100517
 10
 1053
4047.726
 013707
 11141.688
 011.0
 100517
 10
 1054
4047.730
 013708
 11141.687
 013.0
 100517
 10
 1054
4047.733
 013709
 11141.685
 014.8
 100517
 10
 1054
4047.737
 013710
 11141.682
 015.9
 100517
 10
 1054
4047.742
 013711
 11141.680
 016.0
 100517
 10
 1054
4047.746
 013712
 11141.678
 016.2
 100517
 10
 1054
4047.750
 013713
 11141.676
 017.8
 100517
 10
 1055
4047.755
 013714
 11141.673
 018.1
 100517
 10
 1055
4047.760
 013715
 11141.670
 019.6
 100517
 09
 1056
4047.765
 013716
 11141.668
 020.3
 100517
 10
 1056
4047.770
 013717
 11141.665
 020.1
 100517
 09
 1056
4047.776
 013718
 11141.663
 020.0
 100517
 09
 1056
4047.781
 013719
 11141.660
 020.8
 100517
 09
 1057
4047.787
 013720
 11141.658
 021.8
 100517
 10
 1057
4047.793
 013721
 11141.656
 022.9
 100517
 10
 1057
4047.800
 013722
 11141.653
 023.5
 100517
 10
 1058
4047.806
 013723
 11141.650
 023.8
 100517
 10
 1059
4047.813
 013724
 11141.648
 023.1
 100517
 09
 1059
4047.818
 013725
 11141.646
 020.1
 100517
 10
 1060
4047.823
 013726
 11141.645
 015.3
 100517
 09
 1060
4047.827
 013727
 11141.644
 012.5
 100517
 10
 1060
4047.830
 013728
 11141.642
 010.5
 100517
 10
 1060
4047.832
 013729
 11141.641
 008.3
 100517
 10
 1060
4047.834
 013730
 11141.640
 006.9
 100517
 10
 1060
4047.836
 013731
 11141.639
 006.6
 100517
 09
 1061
4047.838
 013732
 11141.638
 008.6
 100517
 10
 1061
4047.840
 013733
 11141.637
 011.8
 100517
 09
 1061
4047.844
 013734
 11141.635
 014.5
 100517
 10
 1061
4047.848
 013735
 11141.633
 015.4
 100517
 09
 1061
4047.853
 013736
 11141.630
 017.5
 100517
 09
 1061
4047.857
 013737
 11141.628
 018.4
 100517
 09
 1061
4047.862
 013738
 11141.626
 018.4
 100517
 09
 1061
4047.867
 013739
 11141.623
 019.0
 100517
 09
 1061
4047.873
 013740
 11141.621
 018.7
 100517
 09
 1062
4047.878
 013741
 11141.619
 018.7
 100517
 09
 1062
4047.883
 013742
 11141.617
 019.3
 100517
 10
 1062
4047.889
 013743
 11141.615
 019.8
 100517
 10
 1062
4047.894
 013744
 11141.612
 019.5
 100517
 10
 1062
4047.899
 013745
 11141.610
 019.0
 100517
 09
 1062
4047.904
 013746
 11141.607
 018.7
 100517
 10
 1062
4047.909
 013747
 11141.605
 019.0
 100517
 10
 1062
4047.914
 013748
 11141.603
 017.5
 100517
 10
 1062
4047.919
 013749
 11141.601
 016.6
 100517
 10
 1062
4047.923
 013750
 11141.599
 015.5
 100517
 10
 1063
4047.927
 013751
 11141.597
 014.4
 100517
 10
 1063
4047.930
 013752
 11141.594
 013.3
 100517
 09
 1064
4047.934
 013753
 11141.593
 012.3
 100517
 09
 1064
4047.937
 013754
 11141.591
 011.1
 100517
 09
 1064
4047.939
 013755
 11141.590
 009.8
 100517
 09
 1064
4047.942
 013756
 11141.589
 009.5
 100517
 09
 1063
4047.945
 013757
 11141.587
 010.2
 100517
 09
 1063
4047.947
 013758
 11141.587
 010.0
 100517
 10
 1063
4047.950
 013759
 11141.586
 008.6
 100517
 10
 1063
4047.952
 013800
 11141.586
 007.9
 100517
 10
 1062
4047.955
 013801
 11141.585
 008.6
 100517
 10
 1062
4047.957
 013802
 11141.584
 009.3
 100517
 10
 1062
4047.959
 013803
 11141.583
 008.0
 100517
 10
 1062
4047.961
 013804
 11141.582
 006.9
 100517
 10
 1062
4047.963
 013805
 11141.582
 004.5
 100517
 10
 1062
4047.964
 013806
 11141.581
 003.2
 100517
 10
 1062
4047.964
 013807
 11141.582
 002.2
 100517
 10
 1063
4047.965
 013808
 11141.581
 000.1
 100517
 10
 1063
4047.965
 013809
 11141.581
 000.0
 100517
 10
 1063
4047.966
 013810
 11141.580
 000.0
 100517
 10
 1064
4047.966
 013811
 11141.580
 000.0
 100517
 10
 1064
4047.966
 013812
 11141.580
 000.0
 100517
 09
 1064
4047.966
 013813
 11141.580
 000.0
 100517
 09
 1064
4047.966
 013814
 11141.580
 000.0
 100517
 09
 1064
4047.966
 013815
 11141.580
 000.0
 100517
 09
 1064
4047.966
 013816
 11141.580
 000.0
 100517
 09
 1064
4047.966
 013817
 11141.580
 000.0
 100517
 09
 1064
4047.966
 013818
 11141.580
 000.0
 100517
 09
 1064
4047.967
 013819
 11141.580
 001.6
 100517
 09
 1064
4047.967
 013820
 11141.579
 002.5
 100517
 09
 1064
4047.969
 013821
 11141.579
 002.9
 100517
 10
 1064
4047.970
 013822
 11141.579
 002.2
 100517
 10
 1064
4047.970
 013823
 11141.578
 000.8
 100517
 10
 1064
4047.970
 013824
 11141.578
 000.0
 100517
 10
 1064
4047.971
 013825
 11141.578
 000.0
 100517
 10
 1064
4047.971
 013826
 11141.578
 000.0
 100517
 10
 1064
4047.971
 013827
 11141.578
 000.0
 100517
 10
 1064
4047.971
 013828
 11141.578
 000.0
 100517
 10
 1064
4047.971
 013829
 11141.578
 000.0
 100517
 10
 1064
4047.971
 013830
 11141.578
 000.0
 100517
 10
 1064
4047.971
 013831
 11141.578
 000.0
 100517
 10
 1064
4047.971
 013832
 11141.578
 000.0
 100517
 10
 1064
4047.971
 013833
 11141.578
 000.0
 100517
 10
 1064
4047.971
 013834
 11141.578
 000.0
 100517
 10
 1064
4047.971
 013835
 11141.578
 000.0
 100517
 10
 1064
4047.971
 013836
 11141.578
 000.0
 100517
 10
 1064
4047.972
 013837
 11141.578
 001.2
 100517
 10
 1064
4047.972
 013838
 11141.578
 001.6
 100517
 10
 1064
4047.973
 013839
 11141.578
 001.4
 100517
 10
 1064
4047.973
 013840
 11141.577
 001.5
 100517
 10
 1064
4047.974
 013841
 11141.577
 001.7
 100517
 10
 1064
4047.974
 013842
 11141.577
 001.5
 100517
 09
 1064
4047.975
 013843
 11141.577
 001.0
 100517
 09
 1064
4047.975
 013844
 11141.577
 000.7
 100517
 09
 1064
4047.975
 013845
 11141.577
 000.4
 100517
 10
 1064
4047.975
 013846
 11141.577
 000.4
 100517
 09
 1063
4047.975
 013847
 11141.577
 000.5
 100517
 09
 1063
4047.976
 013848
 11141.577
 000.7
 100517
 09
 1063
4047.976
 013849
 11141.577
 001.0
 100517
 09
 1063
4047.976
 013850
 11141.577
 000.6
 100517
 10
 1063
4047.976
 013851
 11141.577
 000.0
 100517
 08
 1063
4047.976
 013852
 11141.577
 000.0
 100517
 09
 1063
4047.976
 013853
 11141.577
 000.0
 100517
 09
 1063
4047.976
 013854
 11141.577
 000.0
 100517
 09
 1063
4047.976
 013855
 11141.577
 000.0
 100517
 09
 1063
4047.976
 013856
 11141.577
 000.0
 100517
 09
 1063
4047.976
 013857
 11141.577
 000.0
 100517
 09
 1063
4047.976
 013858
 11141.577
 000.0
 100517
 09
 1063
4047.976
 013859
 11141.577
 000.0
 100517
 10
 1063
4047.976
 013900
 11141.577
 000.0
 100517
 10
 1063
4047.976
 013901
 11141.577
 000.0
 100517
 10
 1063
4047.976
 013902
 11141.577
 000.0
 100517
 10
 1063
4047.976
 013903
 11141.577
 000.0
 100517
 10
 1063
4047.976
 013904
 11141.577
 000.0
 100517
 10
 1063
4047.976
 013905
 11141.577
 000.0
 100517
 10
 1063
4047.976
 013906
 11141.577
 000.0
 100517
 09
 1063
4047.976
 013907
 11141.577
 000.0
 100517
 09
 1063
4047.976
 013908
 11141.577
 000.0
 100517
 10
 1063
4047.976
 013909
 11141.577
 000.0
 100517
 10
 1063
4047.976
 013910
 11141.577
 000.0
 100517
 10
 1063
4047.976
 013911
 11141.577
 000.0
 100517
 10
 1063
4047.976
 013912
 11141.577
 000.0
 100517
 10
 1063
4047.977
 013913
 11141.576
 002.5
 100517
 10
 1063
4047.978
 013914
 11141.575
 006.0
 100517
 10
 1063
4047.981
 013915
 11141.574
 008.0
 100517
 09
 1063
4047.983
 013916
 11141.573
 009.2
 100517
 10
 1063
4047.986
 013917
 11141.572
 011.8
 100517
 10
 1063
4047.990
 013918
 11141.570
 012.3
 100517
 10
 1063
4047.993
 013919
 11141.569
 011.1
 100517
 10
 1063
4047.996
 013920
 11141.567
 010.6
 100517
 10
 1063
4047.998
 013921
 11141.566
 008.9
 100517
 10
 1063
4048.000
 013922
 11141.565
 006.9
 100517
 10
 1064
4048.002
 013923
 11141.564
 007.8
 100517
 10
 1064
4048.005
 013924
 11141.562
 009.1
 100517
 10
 1065
4048.007
 013925
 11141.560
 009.9
 100517
 10
 1066
4048.010
 013926
 11141.559
 010.3
 100517
 10
 1066
4048.013
 013927
 11141.557
 012.2
 100517
 10
 1067
4048.016
 013928
 11141.555
 013.7
 100517
 10
 1067
4048.020
 013929
 11141.554
 014.5
 100517
 10
 1068
4048.024
 013930
 11141.552
 014.6
 100517
 10
 1069
4048.028
 013931
 11141.550
 014.1
 100517
 10
 1069
4048.028
 013931
 11141.550
 014.1
 100517
 10
 1069
4048.031
 013932
 11141.549
 012.4
 100517
 10
 1069
4048.034
 013933
 11141.547
 009.5
 100517
 10
 1069
4048.037
 013934
 11141.546
 007.8
 100517
 10
 1069
4048.039
 013935
 11141.545
 008.7
 100517
 09
 1068
4048.042
 013936
 11141.544
 010.5
 100517
 10
 1069
4048.045
 013937
 11141.543
 010.9
 100517
 09
 1069
4048.047
 013938
 11141.541
 011.2
 100517
 09
 1068
4048.051
 013939
 11141.540
 012.1
 100517
 09
 1068
4048.054
 013940
 11141.538
 014.5
 100517
 09
 1067
4048.058
 013941
 11141.535
 016.8
 100517
 08
 1067
4048.063
 013942
 11141.533
 017.4
 100517
 09
 1067
4048.072
 013944
 11141.529
 015.4
 100517
 09
 1067
4048.076
 013945
 11141.527
 016.1
 100517
 09
 1067
4048.081
 013946
 11141.526
 017.1
 100517
 09
 1068
4048.081
 013946
 11141.526
 017.1
 100517
 09
 1068
4048.092
 013948
 11141.523
 019.9
 100517
 08
 1068
4048.092
 013948
 11141.523
 019.9
 100517
 08
 1069
4048.103
 013950
 11141.519
 020.2
 100517
 08
 1069
4048.103
 013950
 11141.519
 020.2
 100517
 09
 1070
4048.108
 013951
 11141.516
 020.4
 100517
 09
 1070
4048.113
 013952
 11141.513
 021.3
 100517
 09
 1070
4048.119
 013953
 11141.510
 021.4
 100517
 09
 1070
4048.131
 013955
 11141.505
 021.7
 100517
 09
 1070
4048.131
 013955
 11141.505
 021.7
 100517
 09
 1069
4048.137
 013956
 11141.502
 022.6
 100517
 09
 1069
4048.142
 013957
 11141.499
 021.6
 100517
 10
 1070
4048.148
 013958
 11141.496
 020.0
 100517
 10
 1070
4048.153
 013959
 11141.494
 019.0
 100517
 10
 1070
4048.158
 014000
 11141.492
 018.7
 100517
 10
 1070
4048.168
 014002
 11141.488
 018.6
 100517
 10
 1070
4048.168
 014002
 11141.488
 018.6
 100517
 10
 1069
4048.178
 014004
 11141.483
 018.9
 100517
 10
 1069
4048.178
 014004
 11141.483
 018.9
 100517
 10
 1070
4048.183
 014005
 11141.481
 018.9
 100517
 10
 1069
4048.189
 014006
 11141.478
 018.3
 100517
 10
 1069
4048.193
 014007
 11141.476
 018.3
 100517
 10
 1069
4048.198
 014008
 11141.473
 017.9
 100517
 10
 1069
4048.203
 014009
 11141.471
 017.9
 100517
 10
 1070
4048.207
 014010
 11141.469
 017.7
 100517
 10
 1070
4048.212
 014011
 11141.466
 017.4
 100517
 10
 1070
4048.216
 014012
 11141.464
 016.8
 100517
 10
 1070
4048.221
 014013
 11141.462
 016.8
 100517
 10
 1070
4048.225
 014014
 11141.460
 017.2
 100517
 10
 1070
4048.235
 014016
 11141.455
 019.9
 100517
 10
 1071
4048.235
 014016
 11141.455
 019.9
 100517
 10
 1070
4048.240
 014017
 11141.452
 020.1
 100517
 10
 1071
4048.250
 014019
 11141.447
 018.3
 100517
 10
 1071
4048.250
 014019
 11141.447
 018.3
 100517
 10
 1071
4048.255
 014020
 11141.445
 016.4
 100517
 10
 1071
4048.262
 014022
 11141.441
 013.2
 100517
 10
 1071
4048.262
 014022
 11141.441
 013.2
 100517
 10
 1071
4048.265
 014023
 11141.439
 011.1
 100517
 10
 1071
4048.268
 014024
 11141.438
 009.0
 100517
 10
 1071
4048.270
 014025
 11141.438
 005.6
 100517
 10
 1071
4048.272
 014026
 11141.438
 002.9
 100517
 10
 1070
4048.273
 014028
 11141.438
 000.1
 100517
 10
 1070
4048.273
 014029
 11141.438
 000.1
 100517
 10
 1070
4048.273
 014029
 11141.438
 000.1
 100517
 10
 1070
4048.273
 014030
 11141.438
 000.0
 100517
 10
 1070
4048.273
 014031
 11141.437
 000.0
 100517
 10
 1070
4048.273
 014032
 11141.437
 000.0
 100517
 10
 1070
4048.273
 014034
 11141.437
 000.0
 100517
 10
 1070
4048.273
 014034
 11141.437
 000.0
 100517
 10
 1070
4048.273
 014035
 11141.437
 000.0
 100517
 10
 1070
4048.273
 014036
 11141.437
 000.0
 100517
 10
 1070
4048.273
 014037
 11141.436
 000.0
 100517
 10
 1070
4048.273
 014038
 11141.436
 000.0
 100517
 10
 1070
4048.273
 014039
 11141.436
 000.0
 100517
 10
 1070
4048.273
 014040
 11141.436
 000.0
 100517
 10
 1070
4048.273
 014041
 11141.436
 002.6
 100517
 10
 1070
4048.273
 014042
 11141.435
 003.8
 100517
 10
 1070
4048.272
 014043
 11141.434
 004.6
 100517
 10
 1069
4048.270
 014044
 11141.433
 005.5
 100517
 10
 1069
4048.268
 014045
 11141.434
 008.5
 100517
 10
 1068
4048.266
 014046
 11141.436
 009.6
 100517
 10
 1068
4048.263
 014047
 11141.437
 010.5
 100517
 10
 1067
4048.260
 014048
 11141.439
 011.4
 100517
 10
 1066
4048.257
 014049
 11141.440
 012.1
 100517
 10
 1065
4048.254
 014050
 11141.442
 013.0
 100517
 09
 1065
4048.250
 014051
 11141.444
 013.4
 100517
 09
 1064
4048.247
 014052
 11141.445
 013.7
 100517
 09
 1064
4048.243
 014053
 11141.447
 014.0
 100517
 10
 1063
4048.240
 014054
 11141.448
 014.2
 100517
 09
 1062
4048.236
 014055
 11141.450
 014.2
 100517
 09
 1062
4048.232
 014056
 11141.451
 013.4
 100517
 09
 1061
4048.229
 014057
 11141.452
 012.4
 100517
 10
 1060
4048.226
 014058
 11141.453
 011.3
 100517
 10
 1060
4048.223
 014059
 11141.454
 008.8
 100517
 10
 1059
4048.220
 014100
 11141.454
 006.4
 100517
 10
 1058
4048.219
 014101
 11141.454
 004.5
 100517
 10
 1058
4048.218
 014102
 11141.454
 003.6
 100517
 10
 1058
4048.217
 014103
 11141.454
 003.1
 100517
 10
 1057
4048.216
 014104
 11141.453
 003.4
 100517
 10
 1057
4048.215
 014105
 11141.452
 003.0
 100517
 10
 1056
4048.214
 014106
 11141.451
 003.5
 100517
 10
 1056
4048.214
 014107
 11141.450
 004.1
 100517
 10
 1055
4048.213
 014108
 11141.449
 004.4
 100517
 10
 1055
4048.213
 014109
 11141.447
 004.6
 100517
 10
 1055
4048.212
 014110
 11141.445
 004.3
 100517
 10
 1054
4048.212
 014111
 11141.444
 004.2
 100517
 10
 1054
4048.211
 014112
 11141.442
 003.0
 100517
 10
 1054
4048.211
 014113
 11141.442
 000.1
 100517
 10
 1053
4048.211
 014115
 11141.441
 000.0
 100517
 10
 1054
4048.211
 014115
 11141.441
 000.0
 100517
 10
 1054
4048.211
 014116
 11141.441
 000.0
 100517
 10
 1054
4048.211
 014117
 11141.441
 000.0
 100517
 10
 1054
4048.211
 014118
 11141.441
 000.0
 100517
 10
 1054
4048.211
 014119
 11141.441
 000.1
 100517
 10
 1054
4048.210
 014120
 11141.440
 000.3
 100517
 10
 1054
4048.211
 014121
 11141.438
 008.0
 100517
 10
 1054
4048.212
 014123
 11141.430
 010.6
 100517
 10
 1053
4048.212
 014124
 11141.425
 010.3
 100517
 09
 1053
4048.212
 014124
 11141.425
 010.3
 100517
 10
 1053
4048.212
 014125
 11141.421
 010.3
 100517
 10
 1053
4048.211
 014126
 11141.417
 009.7
 100517
 10
 1053
4048.210
 014127
 11141.414
 008.9
 100517
 10
 1052
4048.208
 014128
 11141.412
 007.5
 100517
 10
 1052
4048.207
 014129
 11141.410
 006.7
 100517
 10
 1052
4048.205
 014130
 11141.409
 006.3
 100517
 10
 1053
4048.203
 014131
 11141.408
 005.6
 100517
 10
 1053
4048.201
 014132
 11141.409
 006.2
 100517
 10
 1052
4048.199
 014133
 11141.409
 007.8
 100517
 10
 1052
4048.197
 014134
 11141.410
 009.1
 100517
 10
 1052
4048.195
 014135
 11141.411
 010.5
 100517
 10
 1051
4048.192
 014136
 11141.412
 010.8
 100517
 10
 1051
4048.189
 014137
 11141.413
 010.6
 100517
 10
 1051
4048.186
 014138
 11141.414
 010.5
 100517
 10
 1051
4048.180
 014140
 11141.417
 011.8
 100517
 10
 1051
4048.180
 014140
 11141.417
 011.8
 100517
 10
 1050
4048.177
 014141
 11141.418
 012.0
 100517
 10
 1050
4048.173
 014142
 11141.420
 012.6
 100517
 10
 1049
4048.166
 014144
 11141.423
 013.1
 100517
 10
 1049
4048.166
 014144
 11141.423
 013.1
 100517
 10
 1049
4048.163
 014145
 11141.425
 013.1
 100517
 10
 1048
4048.156
 014147
 11141.427
 012.3
 100517
 10
 1048
4048.152
 014148
 11141.429
 013.2
 100517
 10
 1047
4048.152
 014148
 11141.429
 013.2
 100517
 10
 1047
4048.149
 014149
 11141.430
 013.4
 100517
 10
 1046
4048.145
 014150
 11141.432
 013.4
 100517
 10
 1046
4048.142
 014151
 11141.433
 014.2
 100517
 10
 1046
4048.138
 014152
 11141.435
 014.5
 100517
 10
 1046
4048.134
 014153
 11141.437
 013.5
 100517
 10
 1045
4048.130
 014154
 11141.438
 013.0
 100517
 10
 1045
4048.126
 014155
 11141.440
 012.1
 100517
 10
 1045
4048.123
 014156
 11141.442
 012.4
 100517
 10
 1045
4048.120
 014157
 11141.443
 012.2
 100517
 10
 1044
4048.117
 014158
 11141.444
 011.4
 100517
 10
 1044
4048.114
 014159
 11141.446
 011.4
 100517
 10
 1044
4048.111
 014200
 11141.447
 011.4
 100517
 10
 1043
4048.108
 014201
 11141.448
 011.4
 100517
 10
 1043
4048.105
 014202
 11141.450
 011.8
 100517
 10
 1043
4048.102
 014203
 11141.451
 011.8
 100517
 09
 1042
4048.098
 014204
 11141.452
 011.3
 100517
 10
 1042
4048.096
 014205
 11141.453
 010.2
 100517
 10
 1042
4048.093
 014206
 11141.453
 009.4
 100517
 10
 1042
4048.091
 014207
 11141.452
 009.0
 100517
 10
 1041
4048.088
 014208
 11141.451
 008.6
 100517
 10
 1041
4048.087
 014209
 11141.449
 007.8
 100517
 10
 1041
4048.086
 014210
 11141.446
 008.9
 100517
 10
 1041
4048.085
 014211
 11141.443
 009.5
 100517
 10
 1042
4048.083
 014213
 11141.436
 008.2
 100517
 10
 1042
4048.082
 014214
 11141.433
 008.1
 100517
 10
 1042
4048.082
 014214
 11141.433
 008.1
 100517
 10
 1041
4048.081
 014215
 11141.431
 007.7
 100517
 10
 1041
4048.081
 014216
 11141.428
 007.6
 100517
 10
 1041
4048.079
 014218
 11141.423
 007.2
 100517
 10
 1041
4048.079
 014218
 11141.423
 007.2
 100517
 10
 1041
4048.078
 014220
 11141.419
 005.9
 100517
 10
 1041
4048.078
 014220
 11141.419
 005.9
 100517
 10
 1042
4048.077
 014221
 11141.417
 003.9
 100517
 10
 1042
4048.076
 014223
 11141.414
 004.0
 100517
 10
 1042
4048.076
 014223
 11141.414
 004.0
 100517
 10
 1042
4048.076
 014224
 11141.413
 003.7
 100517
 10
 1042
4048.075
 014226
 11141.411
 003.1
 100517
 10
 1042
4048.075
 014226
 11141.411
 003.1
 100517
 10
 1043
4048.075
 014228
 11141.408
 003.9
 100517
 10
 1043
4048.075
 014228
 11141.408
 003.9
 100517
 10
 1044
4048.074
 014230
 11141.404
 003.9
 100517
 10
 1044
4048.074
 014231
 11141.402
 003.3
 100517
 10
 1044
4048.075
 014232
 11141.401
 003.3
 100517
 10
 1045
4048.075
 014232
 11141.401
 003.3
 100517
 10
 1045
4048.076
 014233
 11141.400
 004.3
 100517
 10
 1046
4048.078
 014235
 11141.400
 002.7
 100517
 10
 1046
4048.078
 014235
 11141.400
 002.7
 100517
 10
 1047
4048.079
 014237
 11141.401
 002.7
 100517
 10
 1047
4048.079
 014237
 11141.401
 002.7
 100517
 10
 1047
4048.080
 014239
 11141.402
 002.5
 100517
 10
 1048
4048.080
 014239
 11141.402
 002.5
 100517
 10
 1048
4048.080
 014240
 11141.403
 001.7
 100517
 10
 1048
4048.080
 014241
 11141.403
 001.7
 100517
 10
 1049
4048.080
 014242
 11141.404
 001.6
 100517
 10
 1049
4048.080
 014244
 11141.405
 001.4
 100517
 10
 1049
4048.080
 014244
 11141.405
 001.4
 100517
 10
 1049
4048.081
 014245
 11141.405
 001.5
 100517
 10
 1049
4048.081
 014247
 11141.407
 001.2
 100517
 10
 1049
4048.081
 014247
 11141.407
 001.2
 100517
 10
 1049
4048.081
 014249
 11141.407
 000.4
 100517
 10
 1050
4048.081
 014250
 11141.407
 000.0
 100517
 10
 1050
4048.081
 014250
 11141.407
 000.0
 100517
 10
 1050
4048.081
 014252
 11141.408
 000.0
 100517
 10
 1050
4048.081
 014253
 11141.408
 000.0
 100517
 10
 1050
4048.081
 014253
 11141.408
 000.0
 100517
 10
 1050
4048.081
 014255
 11141.408
 000.0
 100517
 10
 1050
4048.081
 014256
 11141.408
 000.0
 100517
 10
 1050
4048.081
 014256
 11141.408
 000.0
 100517
 10
 1050
4048.081
 014258
 11141.408
 000.0
 100517
 10
 1050
4048.081
 014258
 11141.408
 000.0
 100517
 10
 1050
4048.081
 014300
 11141.408
 000.0
 100517
 09
 1050
4048.081
 014300
 11141.408
 000.0
 100517
 09
 1050
4048.081
 014302
 11141.408
 000.0
 100517
 09
 1050
4048.081
 014303
 11141.408
 000.0
 100517
 09
 1050
4048.081
 014303
 11141.408
 000.0
 100517
 09
 1050
4048.081
 014305
 11141.408
 000.0
 100517
 09
 1050
4048.081
 014305
 11141.408
 000.0
 100517
 09
 1050
4048.081
 014306
 11141.408
 000.0
 100517
 09
 1050
4048.081
 014307
 11141.408
 000.0
 100517
 09
 1050
4048.081
 014309
 11141.408
 000.0
 100517
 09
 1050
4048.081
 014310
 11141.408
 000.0
 100517
 09
 1050
4048.081
 014310
 11141.408
 000.0
 100517
 09
 1050
